# oST version 5.0 parameters


[image]

width
1280

height
960

[narrow_stereo/right]

camera matrix
1078.043742 0.000000 654.379629
0.000000 1078.094994 514.956438
0.000000 0.000000 1.000000

distortion
-0.354610 0.150945 -0.001103 -0.001860 0.000000

rectification
0.999911 0.003702 -0.012806
-0.003684 0.999992 0.001438
0.012811 -0.001391 0.999917

projection
1036.010273 0.000000 660.505707 -122.482167
0.000000 1036.010273 500.739429 0.000000
0.000000 0.000000 1.000000 0.000000

