image_width: 1280
image_height: 960
camera_name: narrow_stereo/left
camera_matrix:
  rows: 3
  cols: 3
  data: [1061.349432, 0, 656.188042, 0, 1062.135773, 484.97185, 0, 0, 1]
distortion_model: plumb_bob
distortion_coefficients:
  rows: 1
  cols: 5
  data: [-0.34205, 0.133369, 0.000165, -0.003436, 0]
rectification_matrix:
  rows: 3
  cols: 3
  data: [0.999994, 0.003245, -0.001226, -0.003247, 0.999994, -0.001413, 0.001221, 0.001417, 0.999998]
projection_matrix:
  rows: 3
  cols: 4
  data: [1036.010273, 0, 660.505707, 0, 0, 1036.010273, 500.739429, 0, 0, 0, 1, 0]