image_width: 1280
image_height: 960
camera_name: xb3/right
camera_matrix:
  rows: 3
  cols: 3
  data: [1078.043742, 0, 654.379629, 0, 1078.094994, 514.956438, 0, 0, 1]
distortion_model: plumb_bob
distortion_coefficients:
  rows: 1
  cols: 5
  data: [-0.35461, 0.150945, -0.001103, -0.00186, 0]
rectification_matrix:
  rows: 3
  cols: 3
  data: [0.999911, 0.003702, -0.012806, -0.003684, 0.999992, 0.001438, 0.012811, -0.001391, 0.999917]
projection_matrix:
  rows: 3
  cols: 4
  data: [1036.010273, 0, 660.505707, -122.482167, 0, 1036.010273, 500.739429, 0, 0, 0, 1, 0]
