# oST version 5.0 parameters


[image]

width
1280

height
960

[narrow_stereo/left]

camera matrix
1061.349432 0.000000 656.188042
0.000000 1062.135773 484.971850
0.000000 0.000000 1.000000

distortion
-0.342050 0.133369 0.000165 -0.003436 0.000000

rectification
0.999994 0.003245 -0.001226
-0.003247 0.999994 -0.001413
0.001221 0.001417 0.999998

projection
1036.010273 0.000000 660.505707 0.000000
0.000000 1036.010273 500.739429 0.000000
0.000000 0.000000 1.000000 0.000000

