# oST version 5.0 parameters


[image]

width
1280

height
960

[narrow_stereo/right]

camera matrix
1039.933936 0.000000 642.387585
0.000000 1035.376052 498.331720
0.000000 0.000000 1.000000

distortion
-0.348173 0.119542 0.000223 -0.001508 0.000000

rectification
0.999992 0.003617 -0.001664
-0.003607 0.999976 0.005970
0.001686 -0.005964 0.999981

projection
978.172781 0.000000 636.535698 -128.812559
0.000000 978.172781 481.778603 0.000000
0.000000 0.000000 1.000000 0.000000

