# oST version 5.0 parameters


[image]

width
640

height
480

[narrow_stereo/left]

camera matrix
1046.161290 0.000000 322.136799
0.000000 1052.457793 4.162458
0.000000 0.000000 1.000000

distortion
-0.335569 0.180121 -0.009907 0.001757 0.000000

rectification
0.980220 -0.044229 -0.192906
0.046371 0.998902 0.006601
0.192402 -0.015416 0.981195

projection
1056.019134 0.000000 559.715407 0.000000
0.000000 1056.019134 -11.532558 0.000000
0.000000 0.000000 1.000000 0.000000
