# oST version 5.0 parameters


[image]

width
640

height
480

[narrow_stereo/right]

camera matrix
1077.520938 0.000000 328.134524
0.000000 1081.892221 2.433786
0.000000 0.000000 1.000000

distortion
-0.367880 0.228544 -0.002534 0.001663 0.000000

rectification
0.979282 -0.049553 -0.196346
0.047366 0.998752 -0.015820
0.196885 0.006192 0.980407

projection
1056.019134 0.000000 559.715407 -127.894073
0.000000 1056.019134 -11.532558 0.000000
0.000000 0.000000 1.000000 0.000000

