# oST version 5.0 parameters


[image]

width
1280

height
960

[narrow_stereo/left]

camera matrix
1030.464929 0.000000 636.688826
0.000000 1025.026332 459.175821
0.000000 0.000000 1.000000

distortion
-0.357576 0.131872 0.002466 0.000009 0.000000

rectification
0.999984 0.004841 0.002792
-0.004824 0.999971 -0.005974
-0.002821 0.005961 0.999978

projection
978.172781 0.000000 636.535698 0.000000
0.000000 978.172781 481.778603 0.000000
0.000000 0.000000 1.000000 0.000000
